"N" "U" "P" "E" "C" "B" "CAU"
"1" 0.932027872220331 0.155471560778096 4 0.163289200980216 2.52476239733065 28 0.859416222694604
"2" -0.466243922552456 0.179362889612094 6 0.373757298355326 6.89821262254595 32 0.115466128674498
"3" 1.22591578837453 0.535391013370827 3 0.158278780058026 0.657667796017573 31 0.476611241799299
"4" 0.839489005199858 0.971789015457034 4 0.564917259849608 2.6301657111284 30 1.16624434103329
"5" 0.146989718593903 0.0458010565489531 2 0.183522436605124 1.70719807899988 27 -0.296718810057897
"6" 0.247059781907612 0.0780349045526236 2 0.527474228292704 2.5239592017225 33 -3.34647088542525
"7" -0.00367993438600877 0.0891304705291986 2 0.237794599244683 1.89848904731372 30 1.02278939911514
"8" 0.510978033728225 0.361339724157006 3 1.67293688646498 4.40650642856984 30 -0.274969210701303
"9" -0.615845378271447 0.39740416011773 2 4.32983921815581 0.348400921982616 29 0.453893372526335
"10" 0.928793025330505 0.0775575486477464 4 2.36188447649095 1.61464123952632 27 1.72390902174756
"11" 0.00389146682792046 0.859158397652209 3 2.28206422792353 1.0196024232332 28 -0.197071142949739
"12" 1.18646460497539 0.491087266709656 3 1.89947151570561 4.26771460143259 32 -0.518610930149353
"13" 0.165552483021005 0.970488068414852 0 1.78615090043074 2.21648998483847 27 0.899689586434217
"14" -0.532005223923754 0.900830934289843 1 0.991427942137134 0.90443181736553 28 -4.14405915044277
"15" 0.364229266584002 0.894281890243292 4 3.17120339782476 1.02678230281667 28 -4.43152577307136
"16" -2.02078369967585 0.386574470903724 2 1.53321057922187 0.694253755730453 27 0.924673796713837
"17" 0.722323058626183 0.944921157089993 3 1.74488301194253 4.0006915478892 28 1.02650759866646
"18" 0.19461014028759 0.37800868996419 5 0.724449119488609 1.79848191021644 27 0.0458147644656176
"19" -0.677231523311661 0.0832715472206473 0 1.38452346059949 4.91703411421215 26 -2.83956400923712
"20" -1.14241571056029 0.567050813697278 3 2.36050968441511 1.90859702158929 32 -0.19286815468442
"21" 1.0335357700426 0.13237613090314 2 0.465389560766982 5.13446779524409 31 -0.193809400203683
"22" 1.99829924953337 0.694862473523244 4 0.826102205510152 0.668744410194401 31 -1.94024577604889
"23" -1.81049573394049 0.496732221217826 5 0.731676031401728 5.23421251899386 28 -9.18260318091426
"24" -0.906416085756253 0.645212186733261 3 0.246590686962008 0.698605463999565 31 -2.96708818202912
"25" 0.129632223708132 0.00782812526449561 1 2.40024107495759 1.18929437016711 28 0.264593528643432
"26" 0.779887325934672 0.761196829378605 3 0.953840859803515 2.39807576939623 30 1.05424659454926
"27" 1.16669582332534 0.321528574451804 0 0.990924306048746 2.69244248783503 23 0.211466509518782
"28" -0.301532152533631 0.0638843905180693 3 0.612779607065022 0.398760869838615 33 11.6047208393231
"29" -0.255599043183323 0.560661080526188 2 0.523110109847039 2.34421489229727 29 -0.283813974225953
"30" 0.387647036839412 0.591373638948426 2 0.141873802058399 0.170066384353895 27 325.610523590342
"31" -0.576118045380927 0.511227416573092 3 0.912781721353873 2.75378304380798 33 -9.53844470380344
"32" -0.548106465656524 0.118311048718169 1 1.53121126248481 2.40808558800676 28 -3.20974214964557
"33" 0.799833163665054 0.166598834563047 7 1.1760354446997 0.0719044491479049 32 -0.239890008680667
"34" 0.865963342698675 0.15108659863472 4 0.483181469142437 2.40191030664558 30 -0.138238538766469
"35" -1.65642923122336 0.0119471303187311 2 1.68595939679983 2.7675645999645 34 0.0401432741426132
"36" 1.05271851847384 0.211430062772706 1 1.73799750876093 0.609576872600717 31 -1.98463513419746
"37" -0.541301999454802 0.790939596481621 2 0.0706835836172104 0.795283132922892 27 -0.204503090328381
"38" 0.957319246926678 0.219494082033634 3 2.4083552713177 0.206640492874729 32 0.465631854770247
"39" 1.07906594849336 0.850630963919684 5 0.739605938973737 2.79947223167186 30 1.5177475999157
"40" 1.03408412540201 0.531827296130359 2 1.51780270921545 0.816711355934494 29 -0.769921014159461
