DTW XY
MIN_HTER : 9,58500000000000	7,46000000000000	7,34500000000000	7,25500000000000	7,97000000000000	8,0380000000000
EER_FRR : 9,80000000000000	7,40000000000000	7,75000000000000	7,50000000000000	8,40000000000000	7,78000000000000

DTW XYP
MIN_HTER : 5,17000000000000	4,39000000000000	4,28000000000000	4,59000000000000	5,19500000000000	4,81000000000000
EER_FRR : 5,55000000000000	4,60000000000000	4,40000000000000	4,70000000000000	5,25000000000000	4,70000000000000

DTW all
MIN_HTER : 5,43500000000000	4,54500000000000	4,61500000000000	4,79500000000000	5,23500000000000	5,01700000000000
EER_FRR : 5,45000000000000	4,75000000000000	4,55000000000000	5,10000000000000	5,70000000000000	5,12000000000000


GMM XY
MIN_HTER : 26,9550000000000	22,6500000000000	24,2050000000000	21,5300000000000	22,5650000000000	23,8560000000000
EER_FRR : 28,3500000000000	22,9500000000000	24,1000000000000	22					22,1000000000000	23,4300000000000

GMM XYP
MIN_HTER : 21,0800000000000	17,2200000000000	17,1050000000000	17,0900000000000	17,5450000000000	18,1230000000000
EER_FRR : 21,7500000000000	18,4500000000000	17,9000000000000	16,9500000000000	18					18,6000000000000

GMM all
MIN_HTER : 9,96500000000000	7,83000000000000	9,08500000000000	7,76500000000000	8,61000000000000	8,75400000000000
EER_FRR : 10,4500000000000	8,10000000000000	9,20000000000000	8	                 8,65000000000000	8,74000000000000
